Group    |        Kp |        Ki |        Kd |       Mean |        Std |        P2P |        MAE |     P% |     I% |     D% | Dominant
--------------------------------------------------------------------------------------------------------------------------------------
G1       |  5.00e-03 |  2.00e-03 |  5.00e-03 |   1.28e+00 |   4.87e+00 |   1.73e+01 |   4.34e+00 |    9.5 |   90.0 |    0.6 |        I
G2       |  5.00e-03 |  5.00e-03 |  5.00e-03 |   2.93e-01 |   5.43e+00 |   2.06e+01 |   4.79e+00 |    5.9 |   93.3 |    0.8 |        I
G3       |  5.00e-03 |  1.00e-02 |  5.00e-03 |   8.81e-02 |   1.94e+00 |   6.90e+00 |   1.72e+00 |    4.5 |   94.9 |    0.5 |        I
G4       |  1.10e-01 |  2.00e-03 |  5.00e-03 |   1.39e-01 |   4.51e-01 |   2.53e+00 |   2.09e-01 |   65.8 |   33.3 |    0.9 |        P
G5       |  1.10e-01 |  5.00e-03 |  5.00e-03 |   2.89e-01 |   1.22e+00 |   5.71e+00 |   4.67e-01 |   55.2 |   44.1 |    0.7 |        P
G6       |  1.10e-01 |  1.00e-02 |  5.00e-03 |   2.08e-01 |   1.26e+00 |   6.12e+00 |   5.31e-01 |   51.6 |   47.8 |    0.6 |        P
G7       |  2.00e-01 |  2.00e-03 |  5.00e-03 |   1.14e-01 |   4.54e-01 |   3.02e+00 |   1.51e-01 |   75.9 |   23.2 |    0.9 |        P
G8       |  2.00e-01 |  5.00e-03 |  5.00e-03 |   9.09e-02 |   4.24e-01 |   1.97e+00 |   1.54e-01 |   66.6 |   32.6 |    0.8 |        P
G9       |  2.00e-01 |  1.00e-02 |  5.00e-03 |   2.27e-01 |   1.16e+00 |   5.50e+00 |   4.07e-01 |   61.0 |   38.4 |    0.5 |        P
G10      |  3.00e-01 |  2.00e-03 |  5.00e-03 |   3.42e+00 |   3.76e+00 |   9.53e+00 |   3.42e+00 |   75.6 |   24.4 |    0.0 |        P
G11      |  3.00e-01 |  5.00e-03 |  5.00e-03 |   1.12e-01 |   7.89e-01 |   6.12e+00 |   3.47e-01 |   65.7 |   33.9 |    0.4 |        P
G12      |  3.00e-01 |  1.00e-02 |  5.00e-03 |   7.99e-02 |   4.13e-01 |   1.95e+00 |   1.39e-01 |   63.4 |   36.0 |    0.6 |        P
G13      |  5.00e-03 |  2.00e-03 |  1.40e-02 |  -3.63e-02 |   8.68e-01 |   3.17e+00 |   6.10e-01 |    9.2 |   88.9 |    1.9 |        I
G14      |  5.00e-03 |  5.00e-03 |  1.40e-02 |   5.38e-02 |   9.64e-01 |   3.27e+00 |   8.25e-01 |    6.4 |   92.0 |    1.6 |        I
G15      |  5.00e-03 |  1.00e-02 |  1.40e-02 |  -1.01e-01 |   8.30e-01 |   2.65e+00 |   7.47e-01 |    4.7 |   93.7 |    1.7 |        I
G16      |  1.10e-01 |  2.00e-03 |  1.40e-02 |   8.46e-02 |   4.56e-01 |   1.97e+00 |   2.04e-01 |   61.3 |   36.7 |    2.0 |        P
G17      |  1.10e-01 |  5.00e-03 |  1.40e-02 |   2.32e-01 |   1.25e+00 |   5.70e+00 |   5.27e-01 |   56.6 |   41.8 |    1.6 |        P
G18      |  1.10e-01 |  1.00e-02 |  1.40e-02 |   8.89e-02 |   4.57e-01 |   2.23e+00 |   1.97e-01 |   51.1 |   47.0 |    1.9 |        P
G19      |  2.00e-01 |  2.00e-03 |  1.40e-02 |   8.44e-02 |   4.19e-01 |   1.86e+00 |   1.55e-01 |   63.6 |   34.5 |    1.9 |        P
G20      |  2.00e-01 |  5.00e-03 |  1.40e-02 |   2.20e-01 |   1.15e+00 |   5.18e+00 |   4.20e-01 |   61.5 |   37.1 |    1.4 |        P
G21      |  2.00e-01 |  1.00e-02 |  1.40e-02 |   2.74e-01 |   1.03e+00 |   5.01e+00 |   3.56e-01 |   58.5 |   39.6 |    1.9 |        P
G22      |  3.00e-01 |  2.00e-03 |  1.40e-02 |   5.73e+00 |   2.01e+00 |   6.69e+00 |   5.73e+00 |   58.3 |   41.7 |    0.1 |        P
G23      |  3.00e-01 |  5.00e-03 |  1.40e-02 |   2.84e+00 |   2.64e+00 |   9.66e+00 |   2.85e+00 |   31.6 |   68.4 |    0.1 |        I
G24      |  3.00e-01 |  1.00e-02 |  1.40e-02 |   9.31e-02 |   3.97e-01 |   1.88e+00 |   1.26e-01 |   69.4 |   28.3 |    2.3 |        P
G25      |  5.00e-03 |  2.00e-03 |  2.00e-02 |   2.43e-01 |   5.64e-01 |   2.05e+00 |   2.94e-01 |    9.0 |   85.9 |    5.1 |        I
G26      |  5.00e-03 |  5.00e-03 |  2.00e-02 |   7.52e-02 |   7.28e-01 |   3.25e+00 |   5.20e-01 |    7.0 |   90.3 |    2.7 |        I
G27      |  5.00e-03 |  1.00e-02 |  2.00e-02 |   1.05e-01 |   2.03e+00 |   9.14e+00 |   1.50e+00 |    4.4 |   93.2 |    2.3 |        I
G28      |  1.10e-01 |  2.00e-03 |  2.00e-02 |   1.19e-01 |   7.22e-01 |   4.12e+00 |   4.22e-01 |   61.4 |   36.4 |    2.1 |        P
G29      |  1.10e-01 |  5.00e-03 |  2.00e-02 |   8.31e-02 |   4.48e-01 |   2.06e+00 |   1.94e-01 |   57.5 |   39.4 |    3.1 |        P
G30      |  1.10e-01 |  1.00e-02 |  2.00e-02 |   2.26e-01 |   1.23e+00 |   6.05e+00 |   4.98e-01 |   50.9 |   46.8 |    2.3 |        P
G31      |  2.00e-01 |  2.00e-03 |  2.00e-02 |   2.68e-01 |   1.13e+00 |   5.00e+00 |   3.91e-01 |   68.6 |   28.8 |    2.6 |        P
G32      |  2.00e-01 |  5.00e-03 |  2.00e-02 |   2.32e-01 |   1.14e+00 |   5.16e+00 |   4.11e-01 |   62.0 |   35.9 |    2.1 |        P
G33      |  2.00e-01 |  1.00e-02 |  2.00e-02 |   1.80e+00 |   3.30e+00 |   1.16e+01 |   1.81e+00 |   16.5 |   83.4 |    0.1 |        I
G34      |  3.00e-01 |  2.00e-03 |  2.00e-02 |   9.14e-02 |   4.10e-01 |   1.85e+00 |   1.32e-01 |   68.6 |   28.4 |    3.0 |        P
G35      |  3.00e-01 |  5.00e-03 |  2.00e-02 |   2.82e+00 |   2.72e+00 |   8.97e+00 |   2.83e+00 |   38.9 |   61.0 |    0.1 |        I
G36      |  3.00e-01 |  1.00e-02 |  2.00e-02 |   7.63e-02 |   4.20e-01 |   1.94e+00 |   1.61e-01 |   60.8 |   37.0 |    2.3 |        P
G37      |  5.00e-03 |  2.00e-03 |  5.00e-02 |   1.63e-01 |   9.48e-01 |   3.09e+00 |   7.83e-01 |   10.1 |   83.7 |    6.2 |        I
G38      |  5.00e-03 |  5.00e-03 |  5.00e-02 |   1.45e-01 |   4.18e+00 |   1.44e+01 |   3.45e+00 |    5.9 |   89.1 |    5.1 |        I
G39      |  5.00e-03 |  1.00e-02 |  5.00e-02 |   1.05e-01 |   9.47e-01 |   4.70e+00 |   7.68e-01 |    4.1 |   90.1 |    5.8 |        I
G40      |  1.10e-01 |  2.00e-03 |  5.00e-02 |   6.92e-02 |   4.50e-01 |   2.04e+00 |   2.10e-01 |   58.6 |   34.8 |    6.7 |        P
G41      |  1.10e-01 |  5.00e-03 |  5.00e-02 |   1.44e-01 |   5.52e-01 |   2.07e+00 |   2.63e-01 |   53.3 |   39.5 |    7.2 |        P
G42      |  1.10e-01 |  1.00e-02 |  5.00e-02 |   1.30e-01 |   4.96e-01 |   2.22e+00 |   2.35e-01 |   51.0 |   41.6 |    7.3 |        P
G43      |  2.00e-01 |  2.00e-03 |  5.00e-02 |   1.14e-01 |   4.00e-01 |   1.78e+00 |   1.33e-01 |   72.6 |   16.0 |   11.4 |        P
G44      |  2.00e-01 |  5.00e-03 |  5.00e-02 |   1.05e-01 |   4.09e-01 |   1.92e+00 |   1.38e-01 |   65.7 |   24.7 |    9.6 |        P
G45      |  2.00e-01 |  1.00e-02 |  5.00e-02 |   9.28e-02 |   4.12e-01 |   1.97e+00 |   1.48e-01 |   56.5 |   36.5 |    7.0 |        P
G46      |  3.00e-01 |  2.00e-03 |  5.00e-02 |   2.18e+00 |   3.60e+00 |   9.50e+00 |   2.19e+00 |   85.2 |   14.3 |    0.5 |        P
G47      |  3.00e-01 |  5.00e-03 |  5.00e-02 |   4.64e+00 |   2.52e+00 |   8.18e+00 |   4.64e+00 |   45.9 |   53.8 |    0.3 |        I
G48      |  3.00e-01 |  1.00e-02 |  5.00e-02 |   1.68e+00 |   2.76e+00 |   9.02e+00 |   1.79e+00 |   39.6 |   59.8 |    0.6 |        I
G49      |  0.00e+00 |  0.00e+00 |  0.00e+00 |   8.19e-01 |   2.38e-02 |   1.23e-01 |   8.19e-01 |    0.0 |    0.0 |    0.0 |        P