Group    |        Kp |        Ki |        Kd |       Mean |        Std |        MAE |  Mean_l100 |   MAE_l100 |   MSE_l100 |     P% |     I% |     D% |  Dom
------------------------------------------------------------------------------------------------------------------------------------------------------------
G1       |  3.00e-01 |  2.00e-03 |  5.00e-02 |   3.86e-02 |   1.93e-01 |   5.74e-02 |  -4.50e-03 |   1.28e-02 |   2.46e-04 |   62.8 |   16.8 |   20.3 |    P
G2       |  3.00e-01 |  5.00e-04 |  5.00e-02 |   3.93e-02 |   1.87e-01 |   5.55e-02 |  -2.53e-03 |   1.41e-02 |   3.20e-04 |   71.2 |    6.3 |   22.5 |    P
G3       |  3.00e-01 |  1.50e-03 |  5.00e-02 |   3.61e-02 |   1.86e-01 |   5.40e-02 |  -4.67e-03 |   1.39e-02 |   3.05e-04 |   64.0 |   14.1 |   21.9 |    P
G4       |  3.50e-01 |  2.00e-03 |  5.00e-02 |   3.41e-02 |   1.80e-01 |   5.11e-02 |  -4.90e-03 |   1.38e-02 |   3.16e-04 |   65.5 |   15.2 |   19.3 |    P
G5       |  3.50e-01 |  5.00e-04 |  5.00e-02 |   3.78e-02 |   1.82e-01 |   5.17e-02 |  -1.67e-03 |   1.26e-02 |   2.56e-04 |   71.4 |    5.3 |   23.4 |    P
G6       |  3.50e-01 |  1.50e-03 |  5.00e-02 |   3.43e-02 |   1.75e-01 |   5.03e-02 |  -3.53e-03 |   1.25e-02 |   2.68e-04 |   67.0 |   12.6 |   20.4 |    P
G7       |  4.00e-01 |  2.00e-03 |  5.00e-02 |   3.37e-02 |   1.76e-01 |   5.06e-02 |  -4.05e-03 |   1.45e-02 |   3.49e-04 |   68.1 |   12.5 |   19.4 |    P
G8       |  4.00e-01 |  5.00e-04 |  5.00e-02 |   3.64e-02 |   1.78e-01 |   4.99e-02 |  -8.20e-04 |   1.41e-02 |   3.09e-04 |   73.4 |    4.4 |   22.1 |    P
G9       |  4.00e-01 |  1.50e-03 |  5.00e-02 |   3.39e-02 |   1.74e-01 |   5.03e-02 |  -3.26e-03 |   1.22e-02 |   2.32e-04 |   68.6 |    9.9 |   21.5 |    P
G10      |  4.50e-01 |  2.00e-03 |  5.00e-02 |   3.29e-02 |   1.71e-01 |   4.84e-02 |  -1.94e-03 |   1.29e-02 |   2.39e-04 |   68.8 |   10.6 |   20.5 |    P
G11      |  4.50e-01 |  5.00e-04 |  5.00e-02 |   3.51e-02 |   1.71e-01 |   4.80e-02 |  -4.70e-04 |   1.24e-02 |   2.30e-04 |   74.6 |    3.6 |   21.8 |    P
G12      |  4.50e-01 |  1.50e-03 |  5.00e-02 |   3.42e-02 |   1.76e-01 |   4.86e-02 |  -2.42e-03 |   1.16e-02 |   2.23e-04 |   70.4 |    9.2 |   20.3 |    P
G13      |  5.00e-01 |  2.00e-03 |  5.00e-02 |   3.23e-02 |   1.69e-01 |   4.88e-02 |  -3.04e-03 |   1.50e-02 |   3.25e-04 |   70.5 |    8.9 |   20.6 |    P
G14      |  5.00e-01 |  5.00e-04 |  5.00e-02 |   3.55e-02 |   1.75e-01 |   4.95e-02 |  -2.90e-04 |   1.26e-02 |   2.51e-04 |   75.3 |    3.1 |   21.6 |    P
G15      |  5.00e-01 |  1.50e-03 |  5.00e-02 |   3.40e-02 |   1.76e-01 |   4.96e-02 |  -1.76e-03 |   1.31e-02 |   2.63e-04 |   72.5 |    7.5 |   20.1 |    P
G16      |  3.00e-01 |  2.00e-03 |  1.00e-01 |   3.35e-02 |   1.75e-01 |   5.19e-02 |  -3.78e-03 |   1.32e-02 |   2.62e-04 |   50.6 |   13.2 |   36.2 |    P
G17      |  3.00e-01 |  5.00e-04 |  1.00e-01 |   3.78e-02 |   1.77e-01 |   5.12e-02 |  -6.40e-04 |   1.35e-02 |   2.90e-04 |   54.3 |    5.2 |   40.5 |    P
G18      |  3.00e-01 |  1.50e-03 |  1.00e-01 |   3.42e-02 |   1.74e-01 |   5.21e-02 |  -4.05e-03 |   1.44e-02 |   3.22e-04 |   51.2 |   10.9 |   37.9 |    P
G19      |  3.50e-01 |  2.00e-03 |  1.00e-01 |   3.32e-02 |   1.73e-01 |   5.17e-02 |  -3.31e-03 |   1.51e-02 |   3.26e-04 |   52.0 |   10.3 |   37.7 |    P
G20      |  3.50e-01 |  5.00e-04 |  1.00e-01 |   3.67e-02 |   1.76e-01 |   5.28e-02 |  -1.28e-03 |   1.63e-02 |   3.88e-04 |   56.2 |    3.7 |   40.1 |    P
G21      |  3.50e-01 |  1.50e-03 |  1.00e-01 |   3.32e-02 |   1.70e-01 |   5.03e-02 |  -3.15e-03 |   1.28e-02 |   2.50e-04 |   52.5 |    9.0 |   38.5 |    P
G22      |  4.00e-01 |  2.00e-03 |  1.00e-01 |   3.24e-02 |   1.70e-01 |   4.89e-02 |  -3.29e-03 |   1.42e-02 |   3.28e-04 |   53.1 |    9.6 |   37.3 |    P
G23      |  4.00e-01 |  5.00e-04 |  1.00e-01 |   3.53e-02 |   1.71e-01 |   4.95e-02 |  -1.08e-03 |   1.36e-02 |   3.24e-04 |   56.8 |    3.3 |   39.9 |    P
G24      |  4.00e-01 |  1.50e-03 |  1.00e-01 |   3.29e-02 |   1.67e-01 |   4.84e-02 |  -2.47e-03 |   1.20e-02 |   2.30e-04 |   54.8 |    8.0 |   37.3 |    P
G25      |  4.50e-01 |  2.00e-03 |  1.00e-01 |   3.15e-02 |   1.64e-01 |   4.79e-02 |  -1.65e-03 |   1.43e-02 |   3.17e-04 |   55.4 |    7.9 |   36.7 |    P
G26      |  4.50e-01 |  5.00e-04 |  1.00e-01 |   3.33e-02 |   1.61e-01 |   4.76e-02 |  -5.00e-04 |   1.43e-02 |   3.35e-04 |   58.3 |    2.5 |   39.2 |    P
G27      |  4.50e-01 |  1.50e-03 |  1.00e-01 |   3.29e-02 |   1.67e-01 |   4.80e-02 |  -2.12e-03 |   1.45e-02 |   3.83e-04 |   57.0 |    7.0 |   36.1 |    P
G28      |  5.00e-01 |  2.00e-03 |  1.00e-01 |   3.23e-02 |   1.68e-01 |   4.86e-02 |  -2.20e-03 |   1.39e-02 |   2.80e-04 |   58.1 |    7.2 |   34.7 |    P
G29      |  5.00e-01 |  5.00e-04 |  1.00e-01 |   3.37e-02 |   1.67e-01 |   4.80e-02 |  -1.26e-03 |   1.59e-02 |   3.89e-04 |   60.8 |    2.4 |   36.7 |    P
G30      |  5.00e-01 |  1.50e-03 |  1.00e-01 |   3.19e-02 |   1.63e-01 |   4.84e-02 |  -1.47e-03 |   1.67e-02 |   4.71e-04 |   57.7 |    5.5 |   36.9 |    P
G31      |  3.00e-01 |  2.00e-03 |  1.50e-01 |   3.29e-02 |   1.73e-01 |   5.14e-02 |  -4.25e-03 |   1.40e-02 |   3.07e-04 |   40.5 |   10.5 |   49.0 |    D
G32      |  3.00e-01 |  5.00e-04 |  1.50e-01 |   3.63e-02 |   1.70e-01 |   5.04e-02 |  -1.87e-03 |   1.30e-02 |   2.67e-04 |   42.8 |    4.0 |   53.2 |    D
G33      |  3.00e-01 |  1.50e-03 |  1.50e-01 |   3.33e-02 |   1.69e-01 |   5.12e-02 |  -3.39e-03 |   1.52e-02 |   3.58e-04 |   40.7 |    8.4 |   50.8 |    D
G34      |  3.50e-01 |  2.00e-03 |  1.50e-01 |   3.15e-02 |   1.65e-01 |   4.95e-02 |  -4.25e-03 |   1.38e-02 |   3.05e-04 |   42.1 |    8.6 |   49.3 |    D
G35      |  3.50e-01 |  5.00e-04 |  1.50e-01 |   3.47e-02 |   1.67e-01 |   5.05e-02 |  -1.32e-03 |   1.42e-02 |   3.01e-04 |   44.0 |    2.9 |   53.0 |    D
G36      |  3.50e-01 |  1.50e-03 |  1.50e-01 |   3.31e-02 |   1.68e-01 |   5.18e-02 |  -2.73e-03 |   1.77e-02 |   4.93e-04 |   41.2 |    6.3 |   52.5 |    D
G37      |  4.00e-01 |  2.00e-03 |  1.50e-01 |   3.26e-02 |   1.70e-01 |   5.08e-02 |  -3.19e-03 |   1.60e-02 |   3.82e-04 |   43.2 |    7.0 |   49.8 |    D
G38      |  4.00e-01 |  5.00e-04 |  1.50e-01 |   3.43e-02 |   1.64e-01 |   4.99e-02 |  -2.90e-04 |   1.35e-02 |   2.49e-04 |   45.8 |    2.4 |   51.8 |    D
G39      |  4.00e-01 |  1.50e-03 |  1.50e-01 |   3.37e-02 |   1.71e-01 |   5.21e-02 |  -1.75e-03 |   1.53e-02 |   3.61e-04 |   43.0 |    5.4 |   51.6 |    D
G40      |  4.50e-01 |  2.00e-03 |  1.50e-01 |   3.15e-02 |   1.65e-01 |   5.04e-02 |  -2.90e-03 |   1.79e-02 |   4.49e-04 |   45.6 |    6.0 |   48.4 |    D
G41      |  4.50e-01 |  5.00e-04 |  1.50e-01 |   3.43e-02 |   1.66e-01 |   5.09e-02 |  -1.60e-04 |   1.95e-02 |   5.22e-04 |   47.7 |    1.9 |   50.4 |    D
G42      |  4.50e-01 |  1.50e-03 |  1.50e-01 |   3.34e-02 |   1.70e-01 |   5.13e-02 |  -1.96e-03 |   1.99e-02 |   5.53e-04 |   45.7 |    4.9 |   49.4 |    D
G43      |  5.00e-01 |  2.00e-03 |  1.50e-01 |   3.21e-02 |   1.67e-01 |   5.03e-02 |  -1.97e-03 |   1.52e-02 |   3.47e-04 |   47.1 |    5.4 |   47.5 |    D
G44      |  5.00e-01 |  5.00e-04 |  1.50e-01 |   3.49e-02 |   1.75e-01 |   5.40e-02 |  -9.80e-04 |   1.88e-02 |   5.37e-04 |   47.8 |    1.6 |   50.6 |    D
G45      |  5.00e-01 |  1.50e-03 |  1.50e-01 |   3.26e-02 |   1.67e-01 |   5.21e-02 |  -1.81e-03 |   1.82e-02 |   5.06e-04 |   47.6 |    4.0 |   48.5 |    D
G46      |  3.00e-01 |  2.00e-03 |  2.00e-01 |   3.31e-02 |   1.72e-01 |   5.34e-02 |  -5.19e-03 |   1.74e-02 |   4.54e-04 |   33.1 |    7.9 |   59.0 |    D
G47      |  3.00e-01 |  5.00e-04 |  2.00e-01 |   3.61e-02 |   1.68e-01 |   5.20e-02 |  -2.11e-03 |   1.30e-02 |   2.82e-04 |   34.6 |    2.9 |   62.4 |    D
G48      |  3.00e-01 |  1.50e-03 |  2.00e-01 |   3.48e-02 |   1.76e-01 |   5.54e-02 |  -2.69e-03 |   2.27e-02 |   8.26e-04 |   32.8 |    6.1 |   61.1 |    D
G49      |  3.50e-01 |  2.00e-03 |  2.00e-01 |   3.35e-02 |   1.75e-01 |   5.38e-02 |  -3.57e-03 |   1.53e-02 |   3.86e-04 |   33.1 |    6.2 |   60.7 |    D
G50      |  3.50e-01 |  5.00e-04 |  2.00e-01 |   3.61e-02 |   1.73e-01 |   5.34e-02 |  -1.72e-03 |   1.62e-02 |   3.89e-04 |   34.4 |    2.1 |   63.5 |    D
G51      |  3.50e-01 |  1.50e-03 |  2.00e-01 |   3.39e-02 |   1.71e-01 |   5.27e-02 |  -2.63e-03 |   1.68e-02 |   4.96e-04 |   33.7 |    5.2 |   61.1 |    D
G52      |  4.00e-01 |  2.00e-03 |  2.00e-01 |   3.30e-02 |   1.74e-01 |   5.24e-02 |  -2.92e-03 |   1.44e-02 |   3.04e-04 |   35.2 |    5.7 |   59.1 |    D
G53      |  4.00e-01 |  5.00e-04 |  2.00e-01 |   3.56e-02 |   1.74e-01 |   5.60e-02 |  -6.80e-04 |   2.08e-02 |   6.49e-04 |   36.2 |    1.6 |   62.2 |    D
G54      |  4.00e-01 |  1.50e-03 |  2.00e-01 |   3.23e-02 |   1.66e-01 |   5.42e-02 |  -2.80e-03 |   1.74e-02 |   4.72e-04 |   35.5 |    4.0 |   60.6 |    D
G55      |  4.50e-01 |  2.00e-03 |  2.00e-01 |   3.22e-02 |   1.70e-01 |   5.77e-02 |  -2.65e-03 |   2.43e-02 |   8.81e-04 |   36.3 |    3.7 |   60.0 |    D
G56      |  4.50e-01 |  5.00e-04 |  2.00e-01 |   3.34e-02 |   1.65e-01 |   5.98e-02 |  -1.50e-04 |   1.99e-02 |   6.88e-04 |   37.4 |    1.0 |   61.6 |    D
G57      |  4.50e-01 |  1.50e-03 |  2.00e-01 |   3.43e-02 |   1.74e-01 |   5.38e-02 |  -1.55e-03 |   1.85e-02 |   4.86e-04 |   37.8 |    3.8 |   58.4 |    D
G58      |  5.00e-01 |  2.00e-03 |  2.00e-01 |   3.33e-02 |   1.77e-01 |   5.53e-02 |  -2.53e-03 |   2.07e-02 |   6.24e-04 |   38.9 |    3.8 |   57.2 |    D
G59      |  5.00e-01 |  5.00e-04 |  2.00e-01 |   3.43e-02 |   1.73e-01 |   5.92e-02 |  -9.20e-04 |   1.99e-02 |   6.39e-04 |   39.2 |    1.0 |   59.8 |    D
G60      |  5.00e-01 |  1.50e-03 |  2.00e-01 |   3.33e-02 |   1.73e-01 |   5.40e-02 |  -2.23e-03 |   1.39e-02 |   3.15e-04 |   38.7 |    3.2 |   58.1 |    D
G61      |  0.00e+00 |  0.00e+00 |  0.00e+00 |   2.84e-02 |   2.02e-02 |   2.95e-02 |   2.43e-02 |   2.50e-02 |   9.07e-04 |    0.0 |    0.0 |    0.0 |    P